matched= 728
predicated= 3080
totalKey= 2484

Recall= 29.307568438
Precision= 23.6363636364
F-Score= 26.1682242991

matchedDouble= 1131
matchedTriple= 1420
matchedTotal= 2243
predicatedTotal= 45363
PrecisionTotal= 4.9445583405
