matched= 734
predicated= 3080
totalKey= 2484

Recall= 29.5491143317
Precision= 23.8311688312
F-Score= 26.3838964774

matchedDouble= 1139
matchedTriple= 1139
matchedTotal= 2243
predicatedTotal= 45363
PrecisionTotal= 4.9445583405
