matched= 1391
predicated= 9240
totalKey= 2484

Recall= 55.998389694
Precision= 15.0541125541
F-Score= 23.7291026953

matchedTotal= 2243
predicatedTotal= 45363
PrecisionTotal= 4.9445583405
