matched= 735
predicated= 3080
totalKey= 2484

Recall= 29.5893719807
Precision= 23.8636363636
F-Score= 26.4198418404

matchedTotal= 1531
predicatedTotal= 11666
PrecisionTotal= 13.1236070633
