matched= 728
predicated= 3079
totalKey= 2484

Recall= 29.307568438
Precision= 23.6440402728
F-Score= 26.1729282761

matchedTotal= 1035
predicatedTotal= 6533
PrecisionTotal= 15.8426450329
