matched= 703
predicated= 3080
totalKey= 2484

Recall= 28.3011272142
Precision= 22.8246753247
F-Score= 25.2695902229

matchedTotal= 2243
predicatedTotal= 45363
PrecisionTotal= 4.9445583405
