matched= 1121
predicated= 6073
totalKey= 2484

Recall= 45.1288244767
Precision= 18.4587518525
F-Score= 26.2007712984

matchedTotal= 1531
predicatedTotal= 11666
PrecisionTotal= 13.1236070633
