matched= 714
predicated= 3080
totalKey= 2484

Recall= 28.7439613527
Precision= 23.1818181818
F-Score= 25.6649892164

matchedDouble= 1107
matchedTriple= 1409
matchedTotal= 2243
predicatedTotal= 45363
PrecisionTotal= 4.9445583405
