matched= 680
predicated= 3080
totalKey= 2484

Recall= 27.3752012882
Precision= 22.0779220779
F-Score= 24.4428468728

matchedTotal= 2289
predicatedTotal= 50413
PrecisionTotal= 4.54049550711
